0,0.252,0.0088,-7.6923
0,0.252,0.0067,0.0
0,0.252,0.0064,9.6774
0,0.252,0.0074,3.4483
0,0.252,0.0073,-5.8824
0,0.252,0.0076,2.9412
0,0.252,0.0083,0.0
0,0.252,0.0081,-3.7037
0,0.252,0.0061,5.8824
0,0.252,0.0078,3.3333
1,0.504,0.0839,0.0655
1,0.504,0.0968,0.0592
1,0.504,0.0837,0.0673
1,0.504,0.0535,0.0969
1,0.504,0.1148,0.0408
1,0.504,0.0891,0.0638
1,0.504,0.07,0.0852
1,0.504,0.0856,0.0649
1,0.504,0.0714,0.0801
1,0.504,0.0762,0.0748
3,1.0081,0.2293,0.278
3,1.0081,0.2409,0.2698
3,1.0081,0.2449,0.2711
3,1.0081,0.2719,0.2626
3,1.0081,0.2341,0.2762
3,1.0081,0.2467,0.2677
3,1.0081,0.2261,0.2798
3,1.0081,0.2237,0.2766
3,1.0081,0.2221,0.2789
3,1.0081,0.2469,0.2702
5,1.5067,0.4259,0.4516
5,1.5067,0.3917,0.4708
5,1.5067,0.3952,0.4687
5,1.5067,0.4428,0.461
5,1.5067,0.4881,0.4487
5,1.5067,0.4042,0.4659
5,1.5067,0.4451,0.4564
5,1.5067,0.4303,0.4195
5,1.5067,0.4182,0.4611
5,1.5065,0.4157,0.4544
10,1.9617,0.5592,0.7078
