0,0.1512,0.0002,-10.2564
0,0.1512,0.0001,-15.7895
0,0.1512,-0.0,2.381
0,0.1512,0.0,0.0
0,0.1512,0.0,0.0
0,0.1512,0.0003,-16.6667
0,0.1512,0.0,-2.7778
0,0.1512,0.0001,-5.2632
0,0.1512,0.0,-2.8571
0,0.1512,-0.0001,9.6774
1,0.3024,0.0053,0.0107
1,0.3024,0.022,-0.0081
1,0.3024,0.0057,0.0083
1,0.3024,0.0177,-0.0021
1,0.3024,-0.0239,0.0389
1,0.3024,0.0339,-0.0191
1,0.3024,-0.0038,0.0186
1,0.3024,0.0235,-0.007
1,0.3024,-0.0116,0.0271
1,0.3024,-0.0127,0.0288
3,0.6048,0.1399,0.1108
3,0.6048,0.0443,0.1444
3,0.6048,0.1196,0.1184
3,0.6048,0.0627,0.1353
3,0.6048,0.0823,0.1278
3,0.6048,0.1144,0.1172
3,0.6048,0.1216,0.1161
3,0.6048,0.089,0.1261
3,0.6048,0.1199,0.1193
3,0.6048,0.1374,0.1137
5,0.9073,0.2161,0.2348
5,0.9073,0.1848,0.2398
5,0.9073,0.1455,0.2482
5,0.9073,0.2104,0.2334
5,0.9073,0.2486,0.2266
5,0.9073,0.1915,0.2391
5,0.9073,0.2062,0.2374
5,0.9073,0.208,0.2348
5,0.9073,0.1925,0.2383
5,0.9073,0.2211,0.2305
10,1.6324,0.517,0.5254
10,1.6324,0.4565,0.4883
10,1.6325,0.4942,0.5236
10,1.6324,0.481,0.5166
10,1.6325,0.525,0.5052
10,1.6324,0.5249,0.5185
10,1.6324,0.4681,0.5112
10,1.6324,0.4803,0.5
10,1.6324,0.4974,0.5142
10,1.6324,0.5164,0.5064
